0.000  4.077
0.020  4.077
0.040  4.077
0.060  4.077
0.080  4.077
0.100  4.077
0.120  4.077
0.140  4.077
0.160  4.077
0.180  4.077
0.200  4.077
0.220  4.077
0.240  4.077
0.260  4.077
0.280  4.077
0.300  4.077
0.320  4.077
0.340  4.077
0.360  4.077
0.380  4.077
0.400  4.077
0.420  4.077
0.440  4.077
0.460  4.077
0.480  4.077
0.500  4.077
0.520  4.077
0.540  4.077
0.560  4.077
0.580  4.077
0.600  4.077
0.620  4.077
0.640  4.077
0.660  4.077
0.680  4.077
0.700  4.077
0.720  4.077
0.740  4.077
0.760  4.077
0.780  4.077
0.800  4.077
0.820  0.182
0.840  0.182
0.860  0.182
0.880  0.182
0.900  0.182
0.920  0.182
0.940  0.182
0.960  0.174
0.980  0.182
1.000  0.182
1.020  0.182
1.040  0.182
1.060  0.182
1.080  0.182
1.100  0.182
1.120  0.182
1.140  0.182
1.160  0.174
1.180  0.182
1.200  0.182
1.220  0.174
1.240  0.174
1.260  0.182
1.280  0.182
1.300  0.182
1.320  0.182
1.340  0.182
1.360  0.174
1.380  0.174
1.400  0.174
1.420  0.182
1.440  0.182
1.460  0.182
1.480  0.182
1.500  0.182
1.520  0.174
1.540  0.182
1.560  0.174
1.580  0.182
1.600  0.174
1.620  0.182
1.640  0.182
1.660  0.182
1.680  0.182
1.700  0.182
1.720  0.182
1.740  0.182
1.760  4.077
1.780  4.077
1.800  4.077
1.820  4.077
1.840  4.077
1.860  4.077
1.880  4.077
1.900  4.077
1.920  4.077
1.940  4.077
1.960  4.077
1.980  4.077
2.000  4.077
2.020  4.077
2.040  4.077
2.060  4.077
2.080  4.077
2.100  4.077
2.120  4.077
2.140  4.077
2.160  4.077
2.180  4.077
2.200  4.077
2.220  4.077
2.240  4.077
2.260  4.077
2.280  4.077
2.300  4.077
2.320  4.077
2.340  4.077
2.360  4.077
2.380  4.077
2.400  4.077
2.420  4.077
2.440  4.077
2.460  4.077
2.480  4.077
2.500  4.077
2.520  4.077
2.540  4.077
2.560  4.077
2.580  4.077
2.600  4.077
2.620  4.077
2.640  4.077
2.660  4.077
2.680  4.077
2.700  4.077
2.720  4.077
2.740  4.077
2.760  4.077
2.780  4.077
2.800  4.077
2.820  4.077
2.840  4.077
2.860  4.077
2.880  4.077
2.900  4.077
2.920  4.077
2.940  4.077
2.960  4.077
2.980  4.077
3.000  4.077
3.020  4.077
3.040  4.077
3.060  4.077
3.080  4.077
3.100  4.077
3.120  4.077
3.140  4.077
3.160  4.077
3.180  4.077
3.200  4.077
3.220  4.077
3.240  4.077
3.260  4.077
3.280  4.077
3.300  4.077
3.320  4.077
3.340  4.077
3.360  4.077
3.380  4.077
3.400  4.077
3.420  4.077
3.440  4.077
3.460  4.077
3.480  4.077
3.500  4.077
3.520  4.077
3.540  4.077
3.560  4.077
3.580  4.077
3.600  4.077
3.620  4.077
3.640  4.077
3.660  4.077
3.680  4.077
3.700  4.077
3.720  4.077
3.740  4.077
3.760  4.077
3.780  4.077
3.800  4.077
3.820  4.077
3.840  4.077
3.860  0.182
3.880  0.182
3.900  0.182
3.920  0.182
3.940  0.174
3.960  0.182
3.980  0.182
4.000  0.182
4.020  0.182
4.040  0.182
4.060  0.182
4.080  0.182
4.100  0.182
4.120  0.182
4.140  0.182
4.160  0.182
4.180  0.182
4.200  0.182
4.220  0.182
4.240  0.182
4.260  0.182
4.280  0.182
4.300  0.182
4.320  0.182
4.340  0.174
4.360  0.182
4.380  0.182
4.400  0.182
4.420  0.182
4.440  0.182
4.460  0.182
4.480  0.182
4.500  0.182
4.520  0.182
4.540  0.182
4.560  0.182
4.580  0.182
4.600  0.182
4.620  0.182
4.640  0.174
4.660  0.174
4.680  0.182
4.700  0.182
4.720  0.182
4.740  0.182
4.760  0.182
4.780  0.182
4.800  4.077
4.820  4.077
4.840  4.077
4.860  4.077
4.880  4.077
4.900  4.077
4.920  4.077
4.940  4.077
4.960  4.077
4.980  4.077
5.000  4.077
5.020  4.077
5.040  4.077
5.060  4.077
5.080  4.077
5.100  4.077
5.120  4.077
5.140  4.077
5.160  4.077
5.180  4.077
5.200  4.077
5.220  4.077
5.240  4.077
5.260  4.077
5.280  4.077
5.300  4.077
5.320  4.077
5.340  4.077
5.360  4.077
5.380  4.077
5.400  4.077
5.420  4.077
5.440  4.077
5.460  4.077
5.480  4.077
5.500  4.077
5.520  4.077
5.540  4.077
5.560  4.077
5.580  4.077
5.600  4.077
5.620  4.077
5.640  4.077
5.660  4.077
5.680  4.077
5.700  4.077
5.720  4.077
5.740  4.077
5.760  4.077
5.780  4.077
5.800  4.077
5.820  4.077
5.840  4.077
5.860  4.077
5.880  4.077
5.900  4.077
5.920  4.077
5.940  4.077
5.960  4.077
5.980  4.077
6.000  4.077
6.020  4.077
6.040  4.077
6.060  4.077
6.080  4.077
6.100  4.077
6.120  4.077
6.140  4.077
6.160  4.077
6.180  4.077
6.200  4.077
6.220  4.077
6.240  4.077
6.260  4.077
6.280  4.077
6.300  4.077
6.320  4.077
6.340  4.077
6.360  4.077
6.380  4.077
6.400  4.077
6.420  4.077
6.440  4.077
6.460  4.077
6.480  4.077
6.500  4.077
6.520  4.077
6.540  4.077
6.560  4.077
6.580  4.077
6.600  4.077
6.620  4.077
6.640  4.077
6.660  4.077
6.680  4.077
6.700  4.077
6.720  4.077
6.740  4.077
6.760  4.077
6.780  4.077
6.800  4.077
6.820  4.077
6.840  4.077
6.860  4.077
6.880  4.077
6.900  0.174
6.920  0.182
6.940  0.182
6.960  0.174
6.980  0.182
7.000  0.182
7.020  0.182
7.040  0.182
7.060  0.174
7.080  0.182
7.100  0.174
7.120  0.182
7.140  0.182
7.160  0.182
7.180  0.182
7.200  0.182
7.220  0.182
7.240  0.182
7.260  0.174
7.280  0.174
7.300  0.182
7.320  0.182
7.340  0.174
7.360  0.182
7.380  0.182
7.400  0.182
7.420  0.182
7.440  0.182
7.460  0.182
7.480  0.182
7.500  0.182
7.520  0.182
7.540  0.174
7.560  0.182
7.580  0.182
7.600  0.182
7.620  0.182
7.640  0.182
7.660  0.182
7.680  0.182
7.700  0.182
7.720  0.182
7.740  0.182
7.760  0.182
7.780  0.174
7.800  0.182
7.820  0.182
7.840  4.077
7.860  4.077
7.880  4.077
7.900  4.077
7.920  4.077
7.940  4.077
7.960  4.077
7.980  4.077
8.000  4.077
8.020  4.077
8.040  4.077
8.060  4.077
8.080  4.077
8.100  4.077
8.120  4.077
8.140  4.077
8.160  4.077
8.180  4.077
8.200  4.077
8.220  4.077
8.240  4.077
8.260  4.077
8.280  4.077
8.300  4.077
8.320  4.077
8.340  4.077
8.360  4.077
8.380  4.077
8.400  4.077
8.420  4.077
8.440  4.077
8.460  4.077
8.480  4.077
8.500  4.077
8.520  4.077
8.540  4.077
8.560  4.077
8.580  4.077
8.600  4.077
8.620  4.077
8.640  4.077
8.660  4.077
8.680  4.077
8.700  4.077
8.720  4.077
8.740  4.077
8.760  4.077
8.780  4.077
8.800  4.077
8.820  4.077
8.840  4.077
8.860  4.077
8.880  4.077
8.900  4.077
8.920  4.077
8.940  4.077
8.960  4.077
8.980  4.077
9.000  4.077
9.020  4.077
9.040  4.077
9.060  4.077
9.080  4.077
9.100  4.077
9.120  4.077
9.140  4.077
9.160  4.077
9.180  4.077
9.200  4.077
9.220  4.077
9.240  4.077
9.260  4.077
9.280  4.077
9.300  4.077
9.320  4.077
9.340  4.077
9.360  4.077
9.380  4.077
9.400  4.077
9.420  4.077
9.440  4.077
9.460  4.077
9.480  4.077
9.500  4.077
9.520  4.077
9.540  4.077
9.560  4.077
9.580  4.077
9.600  4.077
9.620  4.077
9.640  4.077
9.660  4.077
9.680  4.077
9.700  4.077
9.720  4.077
9.740  4.077
9.760  4.077
9.780  4.077
9.800  4.077
9.820  4.077
9.840  4.077
9.860  4.077
9.880  4.077
9.900  4.077
9.920  4.077
9.940  0.182
9.960  0.182
9.980  0.182

0.000  3.074
0.020  3.090
0.040  3.106
0.060  3.122
0.080  3.138
0.100  3.163
0.120  3.179
0.140  3.187
0.160  3.203
0.180  3.227
0.200  3.243
0.220  3.259
0.240  3.275
0.260  3.283
0.280  3.299
0.300  3.315
0.320  3.331
0.340  3.331
0.360  3.363
0.380  3.379
0.400  3.395
0.420  3.403
0.440  3.419
0.460  3.435
0.480  3.452
0.500  3.468
0.520  3.476
0.540  3.492
0.560  3.500
0.580  3.516
0.600  3.532
0.620  3.540
0.640  3.556
0.660  3.572
0.680  3.580
0.700  3.588
0.720  3.588
0.740  3.620
0.760  3.636
0.780  3.644
0.800  3.652
0.820  3.636
0.840  3.564
0.860  3.500
0.880  3.435
0.900  3.371
0.920  3.307
0.940  3.251
0.960  3.179
0.980  3.130
1.000  3.066
1.020  3.018
1.040  2.954
1.060  2.898
1.080  2.849
1.100  2.793
1.120  2.745
1.140  2.689
1.160  2.641
1.180  2.592
1.200  2.544
1.220  2.504
1.240  2.448
1.260  2.408
1.280  2.367
1.300  2.303
1.320  2.279
1.340  2.231
1.360  2.191
1.380  2.151
1.400  2.110
1.420  2.070
1.440  2.038
1.460  1.998
1.480  1.958
1.500  1.926
1.520  1.885
1.540  1.853
1.560  1.821
1.580  1.797
1.600  1.749
1.620  1.717
1.640  1.684
1.660  1.660
1.680  1.628
1.700  1.596
1.720  1.564
1.740  1.532
1.760  1.516
1.780  1.532
1.800  1.580
1.820  1.612
1.840  1.644
1.860  1.676
1.880  1.709
1.900  1.741
1.920  1.765
1.940  1.797
1.960  1.829
1.980  1.861
2.000  1.885
2.020  1.917
2.040  1.942
2.060  1.974
2.080  2.006
2.100  2.030
2.120  2.054
2.140  2.078
2.160  2.110
2.180  2.134
2.200  2.159
2.220  2.191
2.240  2.215
2.260  2.247
2.280  2.271
2.300  2.295
2.320  2.303
2.340  2.343
2.360  2.367
2.380  2.392
2.400  2.416
2.420  2.440
2.440  2.464
2.460  2.488
2.480  2.512
2.500  2.536
2.520  2.560
2.540  2.560
2.560  2.600
2.580  2.624
2.600  2.641
2.620  2.665
2.640  2.689
2.660  2.705
2.680  2.721
2.700  2.745
2.720  2.769
2.740  2.793
2.760  2.809
2.780  2.833
2.800  2.849
2.820  2.865
2.840  2.890
2.860  2.914
2.880  2.930
2.900  2.946
2.920  2.970
2.940  2.986
2.960  3.002
2.980  3.026
3.000  3.034
3.020  3.058
3.040  3.074
3.060  3.090
3.080  3.106
3.100  3.130
3.120  3.138
3.140  3.154
3.160  3.179
3.180  3.195
3.200  3.211
3.220  3.227
3.240  3.243
3.260  3.259
3.280  3.275
3.300  3.291
3.320  3.307
3.340  3.315
3.360  3.331
3.380  3.331
3.400  3.363
3.420  3.379
3.440  3.395
3.460  3.411
3.480  3.419
3.500  3.435
3.520  3.452
3.540  3.468
3.560  3.468
3.580  3.492
3.600  3.508
3.620  3.532
3.640  3.532
3.660  3.548
3.680  3.556
3.700  3.572
3.720  3.588
3.740  3.588
3.760  3.588
3.780  3.620
3.800  3.636
3.820  3.644
3.840  3.652
3.860  3.628
3.880  3.564
3.900  3.492
3.920  3.435
3.940  3.363
3.960  3.307
3.980  3.243
4.000  3.179
4.020  3.122
4.040  3.066
4.060  3.010
4.080  2.954
4.100  2.898
4.120  2.841
4.140  2.793
4.160  2.745
4.180  2.689
4.200  2.641
4.220  2.592
4.240  2.544
4.260  2.504
4.280  2.448
4.300  2.408
4.320  2.359
4.340  2.303
4.360  2.271
4.380  2.231
4.400  2.183
4.420  2.151
4.440  2.110
4.460  2.070
4.480  2.030
4.500  1.990
4.520  1.958
4.540  1.926
4.560  1.885
4.580  1.853
4.600  1.813
4.620  1.781
4.640  1.749
4.660  1.717
4.680  1.684
4.700  1.652
4.720  1.628
4.740  1.596
4.760  1.564
4.780  1.532
4.800  1.524
4.820  1.532
4.840  1.588
4.860  1.620
4.880  1.652
4.900  1.676
4.920  1.709
4.940  1.741
4.960  1.773
4.980  1.805
5.000  1.829
5.020  1.861
5.040  1.893
5.060  1.917
5.080  1.950
5.100  1.974
5.120  2.006
5.140  2.030
5.160  2.054
5.180  2.086
5.200  2.110
5.220  2.142
5.240  2.167
5.260  2.191
5.280  2.215
5.300  2.247
5.320  2.271
5.340  2.295
5.360  2.303
5.380  2.343
5.400  2.367
5.420  2.384
5.440  2.416
5.460  2.440
5.480  2.464
5.500  2.488
5.520  2.512
5.540  2.536
5.560  2.552
5.580  2.560
5.600  2.600
5.620  2.624
5.640  2.641
5.660  2.665
5.680  2.689
5.700  2.713
5.720  2.729
5.740  2.753
5.760  2.769
5.780  2.793
5.800  2.809
5.820  2.825
5.840  2.849
5.860  2.873
5.880  2.890
5.900  2.914
5.920  2.930
5.940  2.954
5.960  2.970
5.980  2.986
6.000  3.002
6.020  3.018
6.040  3.042
6.060  3.058
6.080  3.074
6.100  3.090
6.120  3.114
6.140  3.130
6.160  3.146
6.180  3.163
6.200  3.179
6.220  3.195
6.240  3.211
6.260  3.227
6.280  3.235
6.300  3.259
6.320  3.275
6.340  3.291
6.360  3.307
6.380  3.323
6.400  3.331
6.420  3.347
6.440  3.363
6.460  3.387
6.480  3.395
6.500  3.411
6.520  3.419
6.540  3.435
6.560  3.452
6.580  3.468
6.600  3.476
6.620  3.492
6.640  3.500
6.660  3.532
6.680  3.532
6.700  3.548
6.720  3.564
6.740  3.572
6.760  3.588
6.780  3.588
6.800  3.588
6.820  3.620
6.840  3.636
6.860  3.644
6.880  3.652
6.900  3.588
6.920  3.556
6.940  3.484
6.960  3.419
6.980  3.363
7.000  3.299
7.020  3.235
7.040  3.171
7.060  3.106
7.080  3.058
7.100  2.994
7.120  2.946
7.140  2.890
7.160  2.833
7.180  2.785
7.200  2.737
7.220  2.681
7.240  2.633
7.260  2.560
7.280  2.536
7.300  2.488
7.320  2.440
7.340  2.400
7.360  2.351
7.380  2.303
7.400  2.271
7.420  2.223
7.440  2.183
7.460  2.142
7.480  2.102
7.500  2.062
7.520  2.030
7.540  1.990
7.560  1.950
7.580  1.917
7.600  1.885
7.620  1.845
7.640  1.805
7.660  1.781
7.680  1.749
7.700  1.709
7.720  1.676
7.740  1.652
7.760  1.620
7.780  1.588
7.800  1.564
7.820  1.532
7.840  1.524
7.860  1.532
7.880  1.588
7.900  1.612
7.920  1.652
7.940  1.684
7.960  1.709
7.980  1.741
8.000  1.773
8.020  1.805
8.040  1.837
8.060  1.861
8.080  1.893
8.100  1.926
8.120  1.950
8.140  1.982
8.160  2.006
8.180  2.038
8.200  2.062
8.220  2.086
8.240  2.118
8.260  2.142
8.280  2.167
8.300  2.191
8.320  2.223
8.340  2.247
8.360  2.279
8.380  2.295
8.400  2.303
8.420  2.343
8.440  2.367
8.460  2.400
8.480  2.416
8.500  2.448
8.520  2.464
8.540  2.504
8.560  2.512
8.580  2.536
8.600  2.560
8.620  2.560
8.640  2.600
8.660  2.624
8.680  2.649
8.700  2.673
8.720  2.689
8.740  2.713
8.760  2.729
8.780  2.761
8.800  2.777
8.820  2.793
8.840  2.825
8.860  2.833
8.880  2.849
8.900  2.873
8.920  2.890
8.940  2.914
8.960  2.930
8.980  2.954
9.000  2.970
9.020  2.986
9.040  3.010
9.060  3.026
9.080  3.042
9.100  3.058
9.120  3.074
9.140  3.098
9.160  3.114
9.180  3.130
9.200  3.146
9.220  3.163
9.240  3.179
9.260  3.203
9.280  3.211
9.300  3.227
9.320  3.243
9.340  3.259
9.360  3.275
9.380  3.291
9.400  3.307
9.420  3.323
9.440  3.331
9.460  3.355
9.480  3.363
9.500  3.379
9.520  3.395
9.540  3.411
9.560  3.427
9.580  3.435
9.600  3.468
9.620  3.468
9.640  3.484
9.660  3.492
9.680  3.508
9.700  3.532
9.720  3.540
9.740  3.548
9.760  3.564
9.780  3.572
9.800  3.588
9.820  3.588
9.840  3.588
9.860  3.620
9.880  3.644
9.900  3.652
9.920  3.652
9.940  3.588
9.960  3.548
9.980  3.476

